[image]

width
1280

height
720

[narrow_stereo]

camera matrix
473.845358 0.000000 666.932186
0.000000 473.825953 423.926235
0.000000 0.000000 1.000000

distortion
-0.014795 -0.010949 0.000821 -0.001578 0.000000

rectification
1.000000 0.000000 0.000000
0.000000 1.000000 0.000000
0.000000 0.000000 1.000000

projection
433.229462 0.000000 670.814274 0.000000
0.000000 465.790375 426.220469 0.000000
0.000000 0.000000 1.000000 0.000000


('D = ', [-0.014795344500780391, -0.010949256187131497, 0.000821466096379542, -0.0015779154969532826, 0.0])
('K = ', [473.8453584395919, 0.0, 666.9321856301681, 0.0, 473.82595305462723, 423.92623529726853, 0.0, 0.0, 1.0])
('R = ', [1.0, 0.0, 0.0, 0.0, 1.0, 0.0, 0.0, 0.0, 1.0])
('P = ', [433.2294616699219, 0.0, 670.8142736321497, 0.0, 0.0, 465.7903747558594, 426.2204690387898, 0.0, 0.0, 0.0, 1.0, 0.0])
# oST version 5.0 parameters


[image]

width
1280

height
720

[narrow_stereo]

camera matrix
473.845358 0.000000 666.932186
0.000000 473.825953 423.926235
0.000000 0.000000 1.000000

distortion
-0.014795 -0.010949 0.000821 -0.001578 0.000000

rectification
1.000000 0.000000 0.000000
0.000000 1.000000 0.000000
0.000000 0.000000 1.000000

projection
433.229462 0.000000 670.814274 0.000000
0.000000 465.790375 426.220469 0.000000
0.000000 0.000000 1.000000 0.000000

