%YAML:1.0
---
calibration_time: "Wed 07 Dec 2016 09:34:16 PM CST"
image_width: 640
image_height: 480
camera_matrix: !!opencv-matrix
   rows: 3
   cols: 3
   dt: d
   data: [ 6.3767541244019185e+02, 0., 3.2140724360408586e+02, 0.,
       6.3689279179344192e+02, 2.5366955032146944e+02, 0., 0., 1. ]
distortion_coefficients: !!opencv-matrix
   rows: 1
   cols: 5
   dt: d
   data: [ -2.2969138601307997e-02, 2.6892981966235663e-01,
       2.4903695182285947e-03, -6.6505016295878995e-04,
       -7.4935001823289238e-01 ]
avg_reprojection_error: 4.0607993164945549e-01
