# oST version 5.0 parameters


[image]

width
1280

height
960

[00b09d010099d46d]

camera matrix
1096.929930 0.000000 652.945360
0.000000 1098.288865 483.242765
0.000000 0.000000 1.000000

distortion
-0.394850 0.194158 0.000363 -0.001637 0.000000

rectification
0.998985 0.014268 0.042730
-0.014072 0.999889 -0.004886
-0.042795 0.004280 0.999075

projection
1013.865828 0.000000 599.915672 0.000000
0.000000 1013.865828 490.860950 0.000000
0.000000 0.000000 1.000000 0.000000
