image_width: 1920
image_height: 1080
camera_name: narrow_stereo
camera_matrix:
  rows: 3
  cols: 3
  data: [708.718617, 0, 1019.2017, 0, 705.789905, 628.999605, 0, 0, 1]
distortion_model: plumb_bob
distortion_coefficients:
  rows: 1
  cols: 5
  data: [-0.013264, -0.010545, 0.001099, -0.001558, 0]
rectification_matrix:
  rows: 3
  cols: 3
  data: [1, 0, 0, 0, 1, 0, 0, 0, 1]
projection_matrix:
  rows: 3
  cols: 4
  data: [651.130859, 0, 1031.507552, 0, 0, 694.899963, 632.713575, 0, 0, 0, 1, 0]