# oST version 5.0 parameters


[image]

width
1920

height
1080

[narrow_stereo]

camera matrix
708.718617 0.000000 1019.201700
0.000000 705.789905 628.999605
0.000000 0.000000 1.000000

distortion
-0.013264 -0.010545 0.001099 -0.001558 0.000000

rectification
1.000000 0.000000 0.000000
0.000000 1.000000 0.000000
0.000000 0.000000 1.000000

projection
651.130859 0.000000 1031.507552 0.000000
0.000000 694.899963 632.713575 0.000000
0.000000 0.000000 1.000000 0.000000


('D = ', [-0.01326412167884892, -0.010545196755185459, 0.001098593264639366, -0.0015584256592285882, 0.0])
('K = ', [708.7186171789542, 0.0, 1019.201700413666, 0.0, 705.7899046972685, 628.9996050438955, 0.0, 0.0, 1.0])
('R = ', [1.0, 0.0, 0.0, 0.0, 1.0, 0.0, 0.0, 0.0, 1.0])
('P = ', [651.130859375, 0.0, 1031.5075516903307, 0.0, 0.0, 694.8999633789062, 632.7135752309841, 0.0, 0.0, 0.0, 1.0, 0.0])

