# oST version 5.0 parameters


[image]

width
1280

height
960

[00b09d010099d481]

camera matrix
1085.514534 0.000000 650.432217
0.000000 1086.494594 496.081953
0.000000 0.000000 1.000000

distortion
-0.390115 0.176207 -0.000014 -0.000603 0.000000

rectification
0.999345 0.011603 0.034280
-0.011760 0.999921 0.004384
-0.034227 -0.004784 0.999403

projection
1013.865828 0.000000 599.915672 -42.367180
0.000000 1013.865828 490.860950 0.000000
0.000000 0.000000 1.000000 0.000000

